00000000000000000000000000000000
00000000000000000000000000001010
00000000000000000000000000010111
00000000000000000000000001011010
00000000000000000000000001110011
00000000000000000000000001110011
00000000000000000000000000110000
00000000000000000000000001001011
00000000000000000000000001101001
00000000000000000000000000010100
00000000000000000000000000111000
00000000000000000000000000101111
00000000000000000000000001010110
00000000000000000000000000101110
00000000000000000000000001011101
00000000000000000000000001001001
00000000000000000000000001001010
00000000000000000000000000001111
00000000000000000000000000101010
00000000000000000000000000111010
00000000000000000000000001110011
00000000000000000000000000010001
00000000000000000000000001011000
00000000000000000000000001000111
00000000000000000000000001001000
00000000000000000000000001111110
00000000000000000000000001101100
00000000000000000000000001101011
00000000000000000000000001100101
00000000000000000000000000010110
00000000000000000000000000000100
00000000000000000000000000110100
